  37733 0
  56690 1
  42574 2
  26032 3
  13422 4
  14656 5
   9219 6
   6330 7
   4494 8
   2479 9
   2989 10
   2637 11
   1685 12
   1190 13
    827 14
    608 15
    493 16
    357 17
    296 18
    239 19
    200 20
    145 21
    126 22
     91 23
     71 24
     53 25
     43 26
     44 27
     29 28
     23 29
     24 30
     13 31
     14 32
      9 33
     10 34
      6 35
     14 36
      5 37
      5 38
      3 39
      4 40
      4 41
      2 42
      2 43
      1 44
      3 45
      2 46
      1 47
      1 49
      1 50
      3 51
      1 55
      1 56
      1 58
      1 60
      1 70
      1 72
      1 75
      1 78
      1 100
