uint8_t init_map_data[][17]={ 
//layer 0 data 
{ 
	BIN_8(0,0,0,0,0,0,0,0),
	BIN_8(0,0,0,0,0,0,0,0),
	BIN_8(0,0,0,0,0,0,0,0),
	BIN_8(0,1,1,1,1,1,1,1),
	BIN_8(0,1,0,0,0,0,0,1),
	BIN_8(0,1,0,1,1,1,0,1),
	BIN_8(0,1,0,1,1,1,1,1),
	BIN_8(0,1,0,1,1,1,0,0),
	BIN_8(1,1,0,0,0,0,0,0),
	BIN_8(0,0,0,0,0,0,0,0),
	BIN_8(0,0,0,0,0,0,0,0),
	BIN_8(0,0,0,0,0,0,0,0),
	BIN_8(0,0,0,0,0,0,0,0),
	BIN_8(0,0,0,0,0,0,0,0),
	BIN_8(0,0,0,0,0,0,0,0),
	BIN_8(0,0,0,0,0,0,0,0),
	BIN_8(0,0,0,0,0,0,0,0)
},
//layer 1 data 
{ 
	BIN_8(0,0,0,0,0,0,0,0),
	BIN_8(0,0,0,0,0,0,0,0),
	BIN_8(0,0,0,0,0,0,0,0),
	BIN_8(0,0,0,0,0,0,0,0),
	BIN_8(0,0,0,0,0,0,0,0),
	BIN_8(0,0,0,0,0,0,0,0),
	BIN_8(0,0,0,0,1,0,0,0),
	BIN_8(0,0,1,1,1,1,1,0),
	BIN_8(1,1,1,1,1,0,1,0),
	BIN_8(0,0,1,1,1,1,1,0),
	BIN_8(0,0,0,0,1,0,0,0),
	BIN_8(0,0,0,0,0,0,0,0),
	BIN_8(0,0,0,0,0,0,0,0),
	BIN_8(0,0,0,0,0,0,0,0),
	BIN_8(0,0,0,0,0,0,0,0),
	BIN_8(0,0,0,0,0,0,0,0),
	BIN_8(0,0,0,0,0,0,0,0)
},
//layer 2 data 
{ 
	BIN_8(0,0,0,0,0,0,0,0),
	BIN_8(0,0,0,0,0,0,0,0),
	BIN_8(0,0,0,0,0,0,0,0),
	BIN_8(0,0,0,0,0,0,0,0),
	BIN_8(0,0,0,0,0,0,0,0),
	BIN_8(0,0,0,0,0,0,0,0),
	BIN_8(0,0,0,0,0,0,0,0),
	BIN_8(0,1,1,1,1,0,1,1),
	BIN_8(1,1,0,0,1,1,1,1),
	BIN_8(0,0,0,0,0,0,1,1),
	BIN_8(0,0,0,0,0,0,1,1),
	BIN_8(0,0,0,0,0,0,0,0),
	BIN_8(0,0,0,0,0,0,0,0),
	BIN_8(0,0,0,0,0,0,0,0),
	BIN_8(0,0,0,0,0,0,0,0),
	BIN_8(0,0,0,0,0,0,0,0),
	BIN_8(0,0,0,0,0,0,0,0)
},
//layer 3 data 
{ 
	BIN_8(0,0,0,1,1,1,1,0),
	BIN_8(0,0,0,1,1,1,1,0),
	BIN_8(0,0,0,0,1,0,1,0),
	BIN_8(0,1,1,1,1,0,0,0),
	BIN_8(0,1,0,0,0,0,0,0),
	BIN_8(0,1,0,0,0,0,0,0),
	BIN_8(0,1,0,0,0,0,0,0),
	BIN_8(0,1,0,0,0,0,0,0),
	BIN_8(1,1,0,0,0,0,0,0),
	BIN_8(0,0,0,0,0,0,0,0),
	BIN_8(0,0,0,0,0,0,0,0),
	BIN_8(0,0,0,0,0,0,0,0),
	BIN_8(0,0,0,0,0,0,0,0),
	BIN_8(0,0,0,0,0,0,0,0),
	BIN_8(0,0,0,0,0,0,0,0),
	BIN_8(0,0,0,0,0,0,0,0),
	BIN_8(0,0,0,0,0,0,0,0)
},
//layer 4 data 
{ 
	BIN_8(0,0,0,0,0,0,0,0),
	BIN_8(0,0,0,0,0,0,0,0),
	BIN_8(0,0,0,0,0,0,0,0),
	BIN_8(0,0,0,0,0,0,0,0),
	BIN_8(0,0,0,0,0,0,0,0),
	BIN_8(0,0,0,0,0,0,0,0),
	BIN_8(0,0,0,0,1,1,0,0),
	BIN_8(0,0,0,0,1,1,0,0),
	BIN_8(1,1,1,1,1,1,0,0),
	BIN_8(0,0,0,1,0,0,0,0),
	BIN_8(0,0,0,1,1,1,1,0),
	BIN_8(0,0,0,0,1,1,1,0),
	BIN_8(0,0,0,0,1,1,1,0),
	BIN_8(0,0,0,0,0,0,0,0),
	BIN_8(0,0,0,0,0,0,0,0),
	BIN_8(0,0,0,0,0,0,0,0),
	BIN_8(0,0,0,0,0,0,0,0)
},
//layer 5 data 
{ 
	BIN_8(0,0,0,0,0,0,0,0),
	BIN_8(0,0,0,0,0,0,0,0),
	BIN_8(0,0,0,0,0,0,0,0),
	BIN_8(0,0,0,0,0,0,0,0),
	BIN_8(0,0,0,0,0,0,0,0),
	BIN_8(0,0,0,0,0,0,0,0),
	BIN_8(0,0,0,1,1,1,0,0),
	BIN_8(0,1,0,1,1,1,0,0),
	BIN_8(1,1,0,1,1,1,0,0),
	BIN_8(0,1,0,1,1,1,0,0),
	BIN_8(0,1,1,1,0,0,0,0),
	BIN_8(0,0,0,0,0,0,0,0),
	BIN_8(0,0,0,0,0,0,0,0),
	BIN_8(0,0,0,0,0,0,0,0),
	BIN_8(0,0,0,0,0,0,0,0),
	BIN_8(0,0,0,0,0,0,0,0),
	BIN_8(0,0,0,0,0,0,0,0)
},
//layer 6 data 
{ 
	BIN_8(0,0,0,0,0,0,0,0),
	BIN_8(0,0,0,0,0,0,0,0),
	BIN_8(0,0,0,0,0,0,0,0),
	BIN_8(0,0,0,0,0,0,0,0),
	BIN_8(0,0,0,0,0,0,0,0),
	BIN_8(0,0,0,0,0,0,0,0),
	BIN_8(0,0,0,0,1,0,0,0),
	BIN_8(0,0,0,1,1,1,0,1),
	BIN_8(1,1,1,1,1,1,1,1),
	BIN_8(0,0,0,1,1,1,0,1),
	BIN_8(0,0,0,0,1,0,0,0),
	BIN_8(0,0,0,0,0,0,0,0),
	BIN_8(0,0,0,0,0,0,0,0),
	BIN_8(0,0,0,0,0,0,0,0),
	BIN_8(0,0,0,0,0,0,0,0),
	BIN_8(0,0,0,0,0,0,0,0),
	BIN_8(0,0,0,0,0,0,0,0)
},
//layer 7 data 
{ 
	BIN_8(0,0,0,0,0,0,0,0),
	BIN_8(0,0,0,0,0,0,0,0),
	BIN_8(0,0,0,0,0,0,0,0),
	BIN_8(0,0,0,0,0,0,0,0),
	BIN_8(0,0,0,0,0,0,0,0),
	BIN_8(0,1,1,1,1,0,0,0),
	BIN_8(0,1,1,1,1,0,0,0),
	BIN_8(0,1,1,1,1,0,0,0),
	BIN_8(1,1,1,1,1,0,0,0),
	BIN_8(0,1,1,1,1,0,0,0),
	BIN_8(0,0,0,0,0,0,0,0),
	BIN_8(0,0,0,0,0,0,0,0),
	BIN_8(0,0,0,0,0,0,0,0),
	BIN_8(0,0,0,0,0,0,0,0),
	BIN_8(0,0,0,0,0,0,0,0),
	BIN_8(0,0,0,0,0,0,0,0),
	BIN_8(0,0,0,0,0,0,0,0)
},
//layer 8 data 
{ 
	BIN_8(0,0,0,0,0,0,0,0),
	BIN_8(0,1,1,1,1,0,0,0),
	BIN_8(0,1,1,1,1,0,0,0),
	BIN_8(0,1,1,0,1,0,0,0),
	BIN_8(0,1,0,0,0,0,0,0),
	BIN_8(0,1,1,0,1,0,0,0),
	BIN_8(0,1,1,1,1,0,0,0),
	BIN_8(0,1,0,0,0,0,0,0),
	BIN_8(1,1,0,0,0,0,0,0),
	BIN_8(0,0,0,0,0,0,0,0),
	BIN_8(0,0,0,0,0,0,0,0),
	BIN_8(0,0,0,0,0,0,0,0),
	BIN_8(0,0,0,0,0,0,0,0),
	BIN_8(0,0,0,0,0,0,0,0),
	BIN_8(0,0,0,0,0,0,0,0),
	BIN_8(0,0,0,0,0,0,0,0),
	BIN_8(0,0,0,0,0,0,0,0)
},
//layer 9 data 
{ 
	BIN_8(0,0,0,0,0,0,0,0),
	BIN_8(0,0,0,0,0,0,0,0),
	BIN_8(0,0,0,0,0,0,0,0),
	BIN_8(0,0,0,0,0,0,0,0),
	BIN_8(0,0,0,0,0,0,0,0),
	BIN_8(0,0,0,0,0,0,0,0),
	BIN_8(0,0,0,0,0,0,0,0),
	BIN_8(0,1,1,1,0,0,0,0),
	BIN_8(1,1,0,1,0,0,0,0),
	BIN_8(0,0,1,1,1,0,0,0),
	BIN_8(0,0,1,1,1,1,0,0),
	BIN_8(0,0,1,1,1,1,0,0),
	BIN_8(0,0,0,0,1,1,0,0),
	BIN_8(0,0,0,0,0,0,0,0),
	BIN_8(0,0,0,0,0,0,0,0),
	BIN_8(0,0,0,0,0,0,0,0),
	BIN_8(0,0,0,0,0,0,0,0)
},
//layer 10 data 
{ 
	BIN_8(0,0,0,0,0,0,0,0),
	BIN_8(0,0,0,0,0,0,0,0),
	BIN_8(0,0,0,0,0,0,0,0),
	BIN_8(0,0,0,0,1,0,0,0),
	BIN_8(0,1,1,1,1,0,0,0),
	BIN_8(0,1,1,1,1,0,0,0),
	BIN_8(0,1,1,1,1,0,0,0),
	BIN_8(0,1,1,1,1,0,0,0),
	BIN_8(1,1,1,0,0,0,0,0),
	BIN_8(0,0,0,0,0,0,0,0),
	BIN_8(0,0,0,0,0,0,0,0),
	BIN_8(0,0,0,0,0,0,0,0),
	BIN_8(0,0,0,0,0,0,0,0),
	BIN_8(0,0,0,0,0,0,0,0),
	BIN_8(0,0,0,0,0,0,0,0),
	BIN_8(0,0,0,0,0,0,0,0),
	BIN_8(0,0,0,0,0,0,0,0)
},
//layer 11 data 
{ 
	BIN_8(0,0,0,0,0,0,0,0),
	BIN_8(0,0,0,0,0,0,0,0),
	BIN_8(0,0,0,0,0,0,0,0),
	BIN_8(0,0,0,0,0,0,0,0),
	BIN_8(0,0,0,0,0,0,0,0),
	BIN_8(0,0,0,0,0,0,0,0),
	BIN_8(0,1,1,1,1,1,1,1),
	BIN_8(0,1,0,0,0,0,0,1),
	BIN_8(1,1,0,0,0,1,1,1),
	BIN_8(0,0,0,0,0,1,1,1),
	BIN_8(0,0,0,0,0,1,1,0),
	BIN_8(0,0,0,0,0,0,0,0),
	BIN_8(0,0,0,0,0,0,0,0),
	BIN_8(0,0,0,0,0,0,0,0),
	BIN_8(0,0,0,0,0,0,0,0),
	BIN_8(0,0,0,0,0,0,0,0),
	BIN_8(0,0,0,0,0,0,0,0)
},
//layer 12 data 
{ 
	BIN_8(0,0,0,0,0,0,0,0),
	BIN_8(0,0,0,0,0,0,0,0),
	BIN_8(0,0,0,0,0,0,0,0),
	BIN_8(0,0,0,0,0,0,0,0),
	BIN_8(0,0,0,0,0,0,0,0),
	BIN_8(0,0,0,0,0,0,0,0),
	BIN_8(0,0,0,0,0,0,0,0),
	BIN_8(0,0,0,0,0,0,0,0),
	BIN_8(1,1,0,0,0,0,0,0),
	BIN_8(0,1,1,0,0,0,0,0),
	BIN_8(0,0,1,1,0,0,0,0),
	BIN_8(0,0,0,1,1,0,0,0),
	BIN_8(0,0,0,0,1,1,1,0),
	BIN_8(0,0,0,0,1,1,1,0),
	BIN_8(0,0,0,0,1,1,1,0),
	BIN_8(0,0,0,0,0,0,0,0),
	BIN_8(0,0,0,0,0,0,0,0)
},
//layer 13 data 
{ 
	BIN_8(0,0,0,0,0,0,0,0),
	BIN_8(0,1,1,1,0,0,0,0),
	BIN_8(0,1,1,1,0,0,0,0),
	BIN_8(0,1,1,1,0,0,0,0),
	BIN_8(0,0,1,1,0,0,0,0),
	BIN_8(0,0,0,1,1,0,0,0),
	BIN_8(0,0,1,1,0,0,0,0),
	BIN_8(0,1,1,0,0,0,0,0),
	BIN_8(1,1,0,0,0,0,0,0),
	BIN_8(0,0,0,0,0,0,0,0),
	BIN_8(0,0,0,0,0,0,0,0),
	BIN_8(0,0,0,0,0,0,0,0),
	BIN_8(0,0,0,0,0,0,0,0),
	BIN_8(0,0,0,0,0,0,0,0),
	BIN_8(0,0,0,0,0,0,0,0),
	BIN_8(0,0,0,0,0,0,0,0),
	BIN_8(0,0,0,0,0,0,0,0)
},
//layer 14 data 
{ 
	BIN_8(0,0,0,0,0,0,0,0),
	BIN_8(0,0,0,0,0,0,0,0),
	BIN_8(0,0,0,0,0,1,1,1),
	BIN_8(0,0,0,0,0,1,1,1),
	BIN_8(0,0,0,0,0,0,1,1),
	BIN_8(0,0,0,0,1,1,1,1),
	BIN_8(0,0,0,1,1,0,0,0),
	BIN_8(0,0,1,1,0,0,0,0),
	BIN_8(1,1,1,0,0,0,0,0),
	BIN_8(0,0,0,0,0,0,0,0),
	BIN_8(0,0,0,0,0,0,0,0),
	BIN_8(0,0,0,0,0,0,0,0),
	BIN_8(0,0,0,0,0,0,0,0),
	BIN_8(0,0,0,0,0,0,0,0),
	BIN_8(0,0,0,0,0,0,0,0),
	BIN_8(0,0,0,0,0,0,0,0),
	BIN_8(0,0,0,0,0,0,0,0)
},
//layer 15 data 
{ 
	BIN_8(0,0,0,0,0,0,0,0),
	BIN_8(0,0,0,0,0,0,0,0),
	BIN_8(0,0,0,0,0,0,0,0),
	BIN_8(0,0,0,0,0,0,0,0),
	BIN_8(0,0,0,0,0,0,0,0),
	BIN_8(0,0,0,0,0,0,0,0),
	BIN_8(0,0,0,0,0,0,0,0),
	BIN_8(0,1,1,1,0,0,0,0),
	BIN_8(1,1,1,1,0,0,0,0),
	BIN_8(0,1,1,1,1,0,0,0),
	BIN_8(0,1,1,1,1,0,0,0),
	BIN_8(0,1,1,1,1,0,0,0),
	BIN_8(0,0,0,0,0,0,0,0),
	BIN_8(0,0,0,0,0,0,0,0),
	BIN_8(0,0,0,0,0,0,0,0),
	BIN_8(0,0,0,0,0,0,0,0),
	BIN_8(0,0,0,0,0,0,0,0)
},
//layer 16 data 
{ 
	BIN_8(0,0,0,0,0,0,0,0),
	BIN_8(0,0,0,0,0,0,0,0),
	BIN_8(0,0,0,0,0,0,0,0),
	BIN_8(0,0,0,0,0,0,0,0),
	BIN_8(0,0,0,0,0,0,0,0),
	BIN_8(0,0,0,0,0,0,0,0),
	BIN_8(0,0,0,0,0,0,0,0),
	BIN_8(0,1,1,0,1,1,0,0),
	BIN_8(1,1,1,0,1,1,0,0),
	BIN_8(0,1,1,1,1,1,0,0),
	BIN_8(0,0,0,0,1,1,0,0),
	BIN_8(0,0,0,0,0,0,0,0),
	BIN_8(0,0,0,0,0,0,0,0),
	BIN_8(0,0,0,0,0,0,0,0),
	BIN_8(0,0,0,0,0,0,0,0),
	BIN_8(0,0,0,0,0,0,0,0),
	BIN_8(0,0,0,0,0,0,0,0)
},
//layer 17 data 
{ 
	BIN_8(0,0,0,0,0,0,0,0),
	BIN_8(0,0,0,0,0,0,0,0),
	BIN_8(0,0,0,0,0,0,0,0),
	BIN_8(0,0,0,0,0,0,0,0),
	BIN_8(0,0,0,0,0,0,0,0),
	BIN_8(0,1,1,0,0,0,0,0),
	BIN_8(0,1,1,0,0,0,0,0),
	BIN_8(0,1,0,0,0,0,0,0),
	BIN_8(1,1,0,1,1,0,0,0),
	BIN_8(0,1,0,1,1,0,0,0),
	BIN_8(0,1,1,1,1,0,0,0),
	BIN_8(0,0,0,1,1,0,0,0),
	BIN_8(0,0,0,0,0,0,0,0),
	BIN_8(0,0,0,0,0,0,0,0),
	BIN_8(0,0,0,0,0,0,0,0),
	BIN_8(0,0,0,0,0,0,0,0),
	BIN_8(0,0,0,0,0,0,0,0)
},
//layer 18 data 
{ 
	BIN_8(0,0,0,0,0,0,0,0),
	BIN_8(0,0,0,0,0,0,0,0),
	BIN_8(0,0,0,0,0,0,0,0),
	BIN_8(0,0,0,0,0,0,0,0),
	BIN_8(0,0,0,0,0,0,0,0),
	BIN_8(0,0,1,0,0,1,1,0),
	BIN_8(0,1,1,0,1,1,1,0),
	BIN_8(0,0,1,0,0,1,1,0),
	BIN_8(1,1,1,1,1,1,0,0),
	BIN_8(0,0,1,0,0,1,1,0),
	BIN_8(0,1,1,0,1,1,1,0),
	BIN_8(0,0,1,0,0,1,1,0),
	BIN_8(0,0,0,0,0,0,0,0),
	BIN_8(0,0,0,0,0,0,0,0),
	BIN_8(0,0,0,0,0,0,0,0),
	BIN_8(0,0,0,0,0,0,0,0),
	BIN_8(0,0,0,0,0,0,0,0)
},
//layer 19 data 
{ 
	BIN_8(0,0,0,0,0,0,0,0),
	BIN_8(0,0,0,0,0,0,0,0),
	BIN_8(0,0,0,0,0,0,0,0),
	BIN_8(0,0,0,0,0,0,0,0),
	BIN_8(0,0,0,0,0,0,0,0),
	BIN_8(0,0,0,0,0,0,0,0),
	BIN_8(0,0,0,0,0,0,1,1),
	BIN_8(0,0,0,0,0,1,1,1),
	BIN_8(1,1,1,1,1,1,1,1),
	BIN_8(0,0,0,0,0,1,1,1),
	BIN_8(0,0,0,0,0,0,1,1),
	BIN_8(0,0,0,0,0,0,0,0),
	BIN_8(0,0,0,0,0,0,0,0),
	BIN_8(0,0,0,0,0,0,0,0),
	BIN_8(0,0,0,0,0,0,0,0),
	BIN_8(0,0,0,0,0,0,0,0),
	BIN_8(0,0,0,0,0,0,0,0)
},
//layer 20 data 
{ 
	BIN_8(0,0,0,0,0,0,0,0),
	BIN_8(0,0,0,0,0,0,0,0),
	BIN_8(0,0,0,0,0,0,0,0),
	BIN_8(0,0,0,0,0,0,0,0),
	BIN_8(0,0,0,0,0,1,1,1),
	BIN_8(0,0,0,0,0,1,1,1),
	BIN_8(0,0,0,0,0,1,1,1),
	BIN_8(0,0,0,0,0,0,1,0),
	BIN_8(1,1,1,1,1,1,1,0),
	BIN_8(0,0,0,0,0,0,0,0),
	BIN_8(0,0,0,0,0,0,0,0),
	BIN_8(0,0,0,0,0,0,0,0),
	BIN_8(0,0,0,0,0,0,0,0),
	BIN_8(0,0,0,0,0,0,0,0),
	BIN_8(0,0,0,0,0,0,0,0),
	BIN_8(0,0,0,0,0,0,0,0),
	BIN_8(0,0,0,0,0,0,0,0)
},
//layer 21 data 
{ 
	BIN_8(0,0,0,0,0,0,0,0),
	BIN_8(0,0,0,0,0,0,0,0),
	BIN_8(0,0,0,0,0,0,0,0),
	BIN_8(0,0,0,0,0,0,0,0),
	BIN_8(0,0,0,0,0,0,0,0),
	BIN_8(0,0,1,1,1,1,1,0),
	BIN_8(0,0,1,0,1,1,1,0),
	BIN_8(0,0,1,0,1,1,1,0),
	BIN_8(1,1,1,0,1,1,1,0),
	BIN_8(0,0,0,0,0,0,0,0),
	BIN_8(0,0,0,0,0,0,0,0),
	BIN_8(0,0,0,0,0,0,0,0),
	BIN_8(0,0,0,0,0,0,0,0),
	BIN_8(0,0,0,0,0,0,0,0),
	BIN_8(0,0,0,0,0,0,0,0),
	BIN_8(0,0,0,0,0,0,0,0),
	BIN_8(0,0,0,0,0,0,0,0)
},
//layer 22 data 
{ 
	BIN_8(0,0,0,0,0,0,0,0),
	BIN_8(0,0,0,0,0,0,0,0),
	BIN_8(0,0,0,0,0,0,0,0),
	BIN_8(0,0,0,0,0,0,0,0),
	BIN_8(0,0,0,0,0,0,0,0),
	BIN_8(0,0,0,0,1,0,0,0),
	BIN_8(0,0,1,1,1,0,0,0),
	BIN_8(0,0,1,1,1,0,0,0),
	BIN_8(1,1,1,0,0,0,0,0),
	BIN_8(0,0,1,1,1,0,0,0),
	BIN_8(0,0,1,1,1,0,0,0),
	BIN_8(0,0,0,0,1,0,0,0),
	BIN_8(0,0,0,0,0,0,0,0),
	BIN_8(0,0,0,0,0,0,0,0),
	BIN_8(0,0,0,0,0,0,0,0),
	BIN_8(0,0,0,0,0,0,0,0),
	BIN_8(0,0,0,0,0,0,0,0)
},
//layer 23 data 
{ 
	BIN_8(0,0,0,0,0,0,0,0),
	BIN_8(0,0,0,0,0,0,0,0),
	BIN_8(0,0,0,0,0,0,0,0),
	BIN_8(0,0,0,0,0,0,0,0),
	BIN_8(0,0,0,0,0,0,0,0),
	BIN_8(0,0,0,0,0,0,0,0),
	BIN_8(0,0,0,0,0,0,0,0),
	BIN_8(0,0,0,0,0,0,0,0),
	BIN_8(1,1,0,0,0,0,0,0),
	BIN_8(0,1,0,1,1,0,0,0),
	BIN_8(0,1,1,1,1,0,0,0),
	BIN_8(0,0,0,1,1,1,0,0),
	BIN_8(0,0,0,1,1,1,0,0),
	BIN_8(0,0,0,0,0,0,0,0),
	BIN_8(0,0,0,0,0,0,0,0),
	BIN_8(0,0,0,0,0,0,0,0),
	BIN_8(0,0,0,0,0,0,0,0)
},
};
